  1.0000E+00  1.0000E+01  3.7500E-02  1.0000E-30  1.0000E-30  1.0000E-30  1.0000E-30  1.0000E-30  1.0000E-30  1.0000E-30
  1.0000E-30  1.0000E-30  1.0000E-30  1.0000E-30  1.0000E-30  1.0000E-30  1.0000E-30  1.0000E-30  1.0000E-30  1.0000E-30
  1.0000E-30  1.0000E-30 -4.0000E+00 -2.0000E+00  0.0000E+00  2.0000E+00  4.0000E+00  6.0000E+00  8.0000E+00  1.0000E+01
  1.2000E+01  1.4000E+01  1.0000E-30  1.0000E-30  1.0000E-30  1.0000E-30  1.0000E-30  1.0000E-30  1.0000E-30  1.0000E-30
  1.0000E-30  1.0000E-30  1.0000E-30  1.0000E-30  1.0000E-30  1.0000E-30  1.0000E-30  1.0000E-30  1.0000E-30  1.0000E-30
  1.0000E-30  1.0000E-30  1.0000E-30  1.0000E-30  1.0000E-30  1.0000E-30  1.0000E-30  1.0000E-30  1.0000E-30  1.0000E-30
  1.0000E-30  1.0000E-30  1.0000E-30  1.0000E-30  1.0000E-30  1.0000E-30  1.0000E-30  1.0000E-30  1.0000E-30  1.0000E-30
  1.0000E-30  1.0000E-30  1.0000E-30  1.1548E+02  1.0000E-30  1.0000E-30  1.0000E-30  1.0000E-30  1.0000E-30  1.0000E-30
  1.0000E-30  1.0000E-30  1.0000E-30  1.0000E-30  1.0000E-30  1.0000E-30  1.0000E-30  1.0000E-30  1.0000E-30  1.0000E-30
  1.0000E-30  1.0000E-30  1.0000E-30  6.0000E-01  1.4000E+00  0.0000E+00  6.5617E+04  1.0000E-30  1.0000E-30  1.0000E-30
  1.0000E-30  1.0000E-30  1.0000E-30  1.0000E-30  1.0000E-30  1.0000E-30  1.0000E-30  1.0000E-30  1.0000E-30  1.0000E-30
  1.0000E-30  1.0000E-30  1.0000E-30  1.0000E-30  1.0000E-30  1.0000E-30  3.8997E+02  1.0000E-30  1.0000E-30  1.0000E-30
  1.0000E-30  1.0000E-30  1.0000E-30  1.0000E-30  1.0000E-30  1.0000E-30  1.0000E-30  1.0000E-30  1.0000E-30  1.0000E-30
  1.0000E-30  1.0000E-30  1.0000E-30  1.0000E-30  1.0000E-30  1.0000E-30  1.0000E-30  1.0000E-30  1.0000E-30  1.0000E-30
  1.0000E-30  1.0000E-30  1.0000E-30  1.0000E-30  1.0000E-30  1.0000E-30  1.0000E-30  1.0000E-30  1.0000E-30  1.0000E-30
  1.0000E-30  1.0000E-30  1.0000E-30  1.0000E-30  1.0000E-30  1.0000E-30  1.5737E+00  1.0000E-30  1.0000E+00  1.0000E+00
  1.9685E+00  1.4764E+00  9.8425E-02  0.0000E+00  0.0000E+00  6.1680E+00  0.0000E+00  0.0000E+00  1.0000E-30  1.4013E-45
  1.0000E-30  1.0000E-30  1.0000E+00  1.0000E-30  1.0000E-30  1.0000E-30  1.0000E-30  1.0000E-30  1.0000E-30
  2.6156E+03  9.8425E-01  1.6000E-04  1.9455E+01
  T  T  T  T  T  T  T  T  F  F  T  F  F  F  F  F  T  F  F  F  F  F  F  F  F  F  T  F  F  F  F  F  F  T
  1.0496E-05  1.0318E-05  1.0261E-05  1.0318E-05  1.0496E-05  1.0803E-05  1.1245E-05  1.1829E-05  1.2562E-05  1.3449E-05
  1.0000E-30  1.0000E-30  1.0000E-30  1.0000E-30  1.0000E-30  1.0000E-30  1.0000E-30  1.0000E-30  1.0000E-30  1.0000E-30
 -3.3778E-06 -1.6492E-06  0.0000E+00  1.6492E-06  3.3778E-06  5.1853E-06  7.0706E-06  9.0325E-06  1.1069E-05  1.3179E-05
  1.0000E-30  1.0000E-30  1.0000E-30  1.0000E-30  1.0000E-30  1.0000E-30  1.0000E-30  1.0000E-30  1.0000E-30  1.0000E-30
 -1.0118E-05 -5.0725E-06  0.0000E+00  5.0725E-06  1.0118E-05  1.5136E-05  2.0128E-05  2.5094E-05  3.0034E-05  3.4950E-05
  1.0000E-30  1.0000E-30  1.0000E-30  1.0000E-30  1.0000E-30  1.0000E-30  1.0000E-30  1.0000E-30  1.0000E-30  1.0000E-30
 -4.1018E-06 -2.0083E-06  0.0000E+00  2.0083E-06  4.1018E-06  6.2861E-06  8.5668E-06  1.0949E-05  1.3439E-05  1.6041E-05
  1.0000E-30  1.0000E-30  1.0000E-30  1.0000E-30  1.0000E-30  1.0000E-30  1.0000E-30  1.0000E-30  1.0000E-30  1.0000E-30
  1.0235E-05  1.0255E-05  1.0261E-05  1.0255E-05  1.0235E-05  1.0202E-05  1.0151E-05  1.0081E-05  9.9863E-06  9.8614E-06
  1.0000E-30  1.0000E-30  1.0000E-30  1.0000E-30  1.0000E-30  1.0000E-30  1.0000E-30  1.0000E-30  1.0000E-30  1.0000E-30
  8.0470E-07  8.4445E-07  8.2460E-07  8.4445E-07  8.8402E-07  9.2320E-07  9.6180E-07  9.9963E-07  1.0365E-06  1.0729E-06
  1.0000E-30  1.0000E-30  1.0000E-30  1.0000E-30  1.0000E-30  1.0000E-30  1.0000E-30  1.0000E-30  1.0000E-30  1.0000E-30
  2.5430E-06  2.5295E-06  2.5362E-06  2.5295E-06  2.5160E-06  2.5026E-06  2.4894E-06  2.4765E-06  2.4639E-06  2.4515E-06
  1.0000E-30  1.0000E-30  1.0000E-30  1.0000E-30  1.0000E-30  1.0000E-30  1.0000E-30  1.0000E-30  1.0000E-30  1.0000E-30
 -8.0470E-07 -8.4445E-07 -8.2460E-07 -8.4445E-07 -8.8402E-07 -9.2320E-07 -9.6180E-07 -9.9963E-07 -1.0365E-06 -1.0729E-06
  1.0000E-30  1.0000E-30  1.0000E-30  1.0000E-30  1.0000E-30  1.0000E-30  1.0000E-30  1.0000E-30  1.0000E-30  1.0000E-30
 -1.2865E-07 -1.2797E-07 -1.2831E-07 -1.2797E-07 -1.2728E-07 -1.2661E-07 -1.2594E-07 -1.2529E-07 -1.2465E-07 -1.2402E-07
  1.0000E-30  1.0000E-30  1.0000E-30  1.0000E-30  1.0000E-30  1.0000E-30  1.0000E-30  1.0000E-30  1.0000E-30  1.0000E-30
  0.0000E+00  0.0000E+00  0.0000E+00  0.0000E+00  0.0000E+00  0.0000E+00  0.0000E+00  0.0000E+00  0.0000E+00  0.0000E+00
  1.0000E-30  1.0000E-30  1.0000E-30  1.0000E-30  1.0000E-30  1.0000E-30  1.0000E-30  1.0000E-30  1.0000E-30  1.0000E-30
  1.6570E-04  1.7977E-04  2.0610E-04  2.4582E-04  2.9968E-04  3.6755E-04  4.3294E-04  4.9547E-04  5.4839E-04  5.4264E-04
  1.0000E-30  1.0000E-30  1.0000E-30  1.0000E-30  1.0000E-30  1.0000E-30  1.0000E-30  1.0000E-30  1.0000E-30  1.0000E-30
  1.1231E-03  2.5491E-03  4.0379E-03  5.5767E-03  7.1524E-03  8.7426E-03  1.0039E-02  1.1139E-02  1.1991E-02  1.1901E-02
  1.0000E-30  1.0000E-30  1.0000E-30  1.0000E-30  1.0000E-30  1.0000E-30  1.0000E-30  1.0000E-30  1.0000E-30  1.0000E-30
 -7.3679E-04 -3.8345E-04 -1.4668E-05  3.6777E-04  7.6199E-04  1.1639E-03  1.4980E-03  1.7888E-03  2.0239E-03  2.0000E-30
  1.0000E-30  1.0000E-30  1.0000E-30  1.0000E-30  1.0000E-30  1.0000E-30  1.0000E-30  1.0000E-30  1.0000E-30  1.0000E-30
  1.1088E-03  2.5413E-03  4.0379E-03  5.5819E-03  7.1559E-03  8.7331E-03  1.0002E-02  1.1056E-02  1.1843E-02  1.1679E-02
  1.0000E-30  1.0000E-30  1.0000E-30  1.0000E-30  1.0000E-30  1.0000E-30  1.0000E-30  1.0000E-30  1.0000E-30  1.0000E-30
  2.4364E-04  2.6862E-04  2.0610E-04  5.1050E-05 -1.9998E-04 -5.4831E-04 -9.6846E-04 -1.4463E-03 -1.9566E-03 -2.3527E-03
  1.0000E-30  1.0000E-30  1.0000E-30  1.0000E-30  1.0000E-30  1.0000E-30  1.0000E-30  1.0000E-30  1.0000E-30  1.0000E-30
  6.6592E-04  7.2870E-04  7.5689E-04  7.7863E-04  7.9148E-04  7.2172E-04  5.9905E-04  4.8793E-04  1.9062E-04 -2.8032E-04
  1.0000E-30  1.0000E-30  1.0000E-30  1.0000E-30  1.0000E-30  1.0000E-30  1.0000E-30  1.0000E-30  1.0000E-30  1.0000E-30
  1.6513E-04  1.8053E-04  1.8780E-04  1.9416E-04  1.9904E-04  1.8400E-04  1.5622E-04  1.3149E-04  5.9203E-05  2.0000E-30
  1.0000E-30  1.0000E-30  1.0000E-30  1.0000E-30  1.0000E-30  1.0000E-30  1.0000E-30  1.0000E-30  1.0000E-30  1.0000E-30
  0.0000E+00  0.0000E+00  0.0000E+00  0.0000E+00  0.0000E+00  0.0000E+00  0.0000E+00  0.0000E+00  0.0000E+00  0.0000E+00
  1.0000E-30  1.0000E-30  1.0000E-30  1.0000E-30  1.0000E-30  1.0000E-30  1.0000E-30  1.0000E-30  1.0000E-30  1.0000E-30
  1.2138E-08  6.2532E-08  1.5690E-07  2.9927E-07  4.9229E-07  7.3552E-07  9.6988E-07  1.1940E-06  1.3836E-06  1.3630E-06
  1.0000E-30  1.0000E-30  1.0000E-30  1.0000E-30  1.0000E-30  1.0000E-30  1.0000E-30  1.0000E-30  1.0000E-30  1.0000E-30
 -1.0894E-06 -2.4727E-06 -3.9167E-06 -5.4094E-06 -6.9378E-06 -8.4803E-06 -9.7381E-06 -1.0805E-05 -1.1631E-05 -1.1544E-05
  1.0000E-30  1.0000E-30  1.0000E-30  1.0000E-30  1.0000E-30  1.0000E-30  1.0000E-30  1.0000E-30  1.0000E-30  1.0000E-30
  3.0815E-05  2.6245E-05  2.4831E-05  2.6245E-05  3.0815E-05  3.8972E-05  5.1042E-05  6.6850E-05  8.2198E-05  9.6293E-05
  1.0000E-30  1.0000E-30  1.0000E-30  1.0000E-30  1.0000E-30  1.0000E-30  1.0000E-30  1.0000E-30  1.0000E-30  1.0000E-30
 -3.3029E-04 -1.6055E-04  0.0000E+00  1.6055E-04  3.3029E-04  5.0773E-04  6.9127E-04  8.7525E-04  1.0227E-03  1.1414E-03
  1.0000E-30  1.0000E-30  1.0000E-30  1.0000E-30  1.0000E-30  1.0000E-30  1.0000E-30  1.0000E-30  1.0000E-30  1.0000E-30
  1.4789E-03  7.1663E-04  0.0000E+00 -7.1444E-04 -1.4704E-03 -2.2716E-03 -3.1079E-03 -3.9568E-03 -4.6970E-03 -5.3261E-03
  1.0000E-30  1.0000E-30  1.0000E-30  1.0000E-30  1.0000E-30  1.0000E-30  1.0000E-30  1.0000E-30  1.0000E-30  1.0000E-30
 -3.3164E-04 -1.6136E-04  0.0000E+00  1.6137E-04  3.3164E-04  5.0903E-04  6.9165E-04  8.7356E-04  1.0174E-03  1.1308E-03
  1.0000E-30  1.0000E-30  1.0000E-30  1.0000E-30  1.0000E-30  1.0000E-30  1.0000E-30  1.0000E-30  1.0000E-30  1.0000E-30
  7.7001E-06  2.0626E-05  2.4831E-05  2.0626E-05  7.7001E-06 -1.4315E-05 -4.5661E-05 -8.6151E-05 -1.3222E-04 -1.8270E-04
  1.0000E-30  1.0000E-30  1.0000E-30  1.0000E-30  1.0000E-30  1.0000E-30  1.0000E-30  1.0000E-30  1.0000E-30  1.0000E-30
  8.7173E-05  8.2573E-05  8.0273E-05  8.2573E-05  8.6797E-05  9.0246E-05  9.1879E-05  8.2851E-05  6.6542E-05  5.2198E-05
  1.0000E-30  1.0000E-30  1.0000E-30  1.0000E-30  1.0000E-30  1.0000E-30  1.0000E-30  1.0000E-30  1.0000E-30  1.0000E-30
 -3.9255E-04 -3.6973E-04 -3.5777E-04 -3.6760E-04 -3.8929E-04 -4.0939E-04 -4.2131E-04 -3.9726E-04 -3.4233E-04 -2.8681E-04
  1.0000E-30  1.0000E-30  1.0000E-30  1.0000E-30  1.0000E-30  1.0000E-30  1.0000E-30  1.0000E-30  1.0000E-30  1.0000E-30
 -3.5014E-03 -3.5014E-03  0.0000E+00 -3.5014E-03 -3.5014E-03 -3.5014E-03 -3.5014E-03 -3.5014E-03 -3.5014E-03 -3.5014E-03
  1.0000E-30  1.0000E-30  1.0000E-30  1.0000E-30  1.0000E-30  1.0000E-30  1.0000E-30  1.0000E-30  1.0000E-30  1.0000E-30
  5.1694E-09  1.2214E-09  0.0000E+00  1.2214E-09  5.1694E-09  1.2216E-08  2.2644E-08  3.6300E-08  4.9559E-08  6.1735E-08
  1.0000E-30  1.0000E-30  1.0000E-30  1.0000E-30  1.0000E-30  1.0000E-30  1.0000E-30  1.0000E-30  1.0000E-30  1.0000E-30
 -1.4587E-06 -1.5157E-06 -1.5697E-06 -1.6236E-06 -1.6807E-06 -1.7403E-06 -1.8020E-06 -1.8639E-06 -1.9134E-06 -1.9533E-06
  1.0000E-30  1.0000E-30  1.0000E-30  1.0000E-30  1.0000E-30  1.0000E-30  1.0000E-30  1.0000E-30  1.0000E-30  1.0000E-30
  1.0000E-30  1.0000E-30  1.0000E-30  1.0000E-30  1.0000E-30  1.0000E-30  1.0000E-30  1.0000E-30  1.0000E-30  1.0000E-30
  1.0000E-30  1.0000E-30  1.0000E-30  1.0000E-30  1.0000E-30  1.0000E-30  1.0000E-30  1.0000E-30  1.0000E-30  1.0000E-30
  1.0000E-30  1.0000E-30  1.0000E-30  1.0000E-30  1.0000E-30  1.0000E-30  1.0000E-30  1.0000E-30  1.0000E-30  1.0000E-30
  1.0000E-30  1.0000E-30  1.0000E-30  1.0000E-30  1.0000E-30  1.0000E-30  1.0000E-30  1.0000E-30  1.0000E-30  1.0000E-30
  1.0000E-30  1.0000E-30  1.0000E-30  1.0000E-30  1.0000E-30  1.0000E-30  1.0000E-30  1.0000E-30  1.0000E-30  1.0000E-30
  1.0000E-30  1.0000E-30  1.0000E-30  1.0000E-30  1.0000E-30  1.0000E-30  1.0000E-30  1.0000E-30  1.0000E-30  1.0000E-30
  1.0000E-30  1.0000E-30  1.0000E-30  1.0000E-30  1.0000E-30  1.0000E-30  1.0000E-30  1.0000E-30  1.0000E-30  1.0000E-30
  1.0000E-30  1.0000E-30  1.0000E-30  1.0000E-30  1.0000E-30  1.0000E-30  1.0000E-30  1.0000E-30  1.0000E-30  1.0000E-30
  1.0000E-30  1.0000E-30  1.0000E-30  1.0000E-30  1.0000E-30  1.0000E-30  1.0000E-30  1.0000E-30  1.0000E-30  1.0000E-30
  1.0000E-30  1.0000E-30  1.0000E-30  1.0000E-30  1.0000E-30  1.0000E-30  1.0000E-30  1.0000E-30  1.0000E-30  1.0000E-30
  1.0000E-30  1.0000E-30  1.0000E-30  1.0000E-30  1.0000E-30  1.0000E-30  1.0000E-30  1.0000E-30  1.0000E-30  1.0000E-30
  1.0000E-30  1.0000E-30  1.0000E-30  1.0000E-30  1.0000E-30  1.0000E-30  1.0000E-30  1.0000E-30  1.0000E-30  1.0000E-30
  1.0000E-30  1.0000E-30  1.0000E-30  1.0000E-30  1.0000E-30  1.0000E-30  1.0000E-30  1.0000E-30  1.0000E-30  1.0000E-30
  1.0000E-30  1.0000E-30  1.0000E-30  1.0000E-30  1.0000E-30  1.0000E-30  1.0000E-30  1.0000E-30  1.0000E-30  1.0000E-30
  1.0000E-30 -1.0000E-30 -1.0000E-30 -1.0000E-30 -1.0000E-30 -1.0000E-30 -1.0000E-30 -1.0000E-30 -1.0000E-30 -1.0000E-30
  1.0000E-30  1.0000E-30  1.0000E-30  1.0000E-30  1.0000E-30  1.0000E-30  1.0000E-30  1.0000E-30  1.0000E-30  1.0000E-30
  1.0000E-30 -1.0000E-30 -1.0000E-30 -1.0000E-30 -1.0000E-30 -1.0000E-30 -1.0000E-30 -1.0000E-30 -1.0000E-30 -1.0000E-30
  1.0000E-30  1.0000E-30  1.0000E-30  1.0000E-30  1.0000E-30  1.0000E-30  1.0000E-30  1.0000E-30  1.0000E-30  1.0000E-30
  1.0000E-30  1.0000E-30  1.0000E-30  1.0000E-30  1.0000E-30  1.0000E-30  1.0000E-30  1.0000E-30  1.0000E-30  1.0000E-30
  1.0000E-30  1.0000E-30  1.0000E-30  1.0000E-30  1.0000E-30  1.0000E-30  1.0000E-30  1.0000E-30  1.0000E-30  1.0000E-30
  1.0000E-30  1.0000E-30  1.0000E-30  1.0000E-30  1.0000E-30  1.0000E-30  1.0000E-30  1.0000E-30  1.0000E-30  1.0000E-30
  1.0000E-30  1.0000E-30  1.0000E-30  1.0000E-30  1.0000E-30  1.0000E-30  1.0000E-30  1.0000E-30  1.0000E-30  1.0000E-30
  1.0000E-30  1.0000E-30  1.0000E-30  1.0000E-30  1.0000E-30  1.0000E-30  1.0000E-30  1.0000E-30  1.0000E-30  1.0000E-30
  1.0000E-30  1.0000E-30  1.0000E-30  1.0000E-30  1.0000E-30  1.0000E-30  1.0000E-30  1.0000E-30  1.0000E-30  1.0000E-30
  1.0000E-30  1.0000E-30  1.0000E-30  1.0000E-30  1.0000E-30  1.0000E-30  1.0000E-30  1.0000E-30  1.0000E-30  1.0000E-30
  1.0000E-30  1.0000E-30  1.0000E-30  1.0000E-30  1.0000E-30  1.0000E-30  1.0000E-30  1.0000E-30  1.0000E-30  1.0000E-30
  1.0000E-30  1.0000E-30  1.0000E-30  1.0000E-30  1.0000E-30  1.0000E-30  1.0000E-30  1.0000E-30  1.0000E-30  1.0000E-30
  1.0000E-30  1.0000E-30  1.0000E-30  1.0000E-30  1.0000E-30  1.0000E-30  1.0000E-30  1.0000E-30  1.0000E-30  1.0000E-30
  1.0000E-30  1.0000E-30  1.0000E-30  1.0000E-30  1.0000E-30  1.0000E-30  1.0000E-30  1.0000E-30  1.0000E-30  1.0000E-30
  1.0000E-30  1.0000E-30  1.0000E-30  1.0000E-30  1.0000E-30  1.0000E-30  1.0000E-30  1.0000E-30  1.0000E-30  1.0000E-30
  1.0000E-30  1.0000E-30  1.0000E-30  1.0000E-30  1.0000E-30  1.0000E-30  1.0000E-30  1.0000E-30  1.0000E-30  1.0000E-30
  1.0000E-30  1.0000E-30  1.0000E-30  1.0000E-30  1.0000E-30  1.0000E-30  1.0000E-30  1.0000E-30  1.0000E-30  1.0000E-30
  1.0000E-30  1.0000E-30  1.0000E-30  1.0000E-30  1.0000E-30  1.0000E-30  1.0000E-30  1.0000E-30  1.0000E-30  1.0000E-30
  1.0000E-30  1.0000E-30  1.0000E-30  1.0000E-30  1.0000E-30  1.0000E-30  1.0000E-30  1.0000E-30  1.0000E-30  1.0000E-30
  1.0000E-30 -1.0000E-30 -1.0000E-30 -1.0000E-30 -1.0000E-30 -1.0000E-30 -1.0000E-30 -1.0000E-30 -1.0000E-30 -1.0000E-30
  1.0000E-30  1.0000E-30  1.0000E-30  1.0000E-30  1.0000E-30  1.0000E-30  1.0000E-30  1.0000E-30  1.0000E-30  1.0000E-30
  1.0000E-30 -1.0000E-30 -1.0000E-30 -1.0000E-30 -1.0000E-30 -1.0000E-30 -1.0000E-30 -1.0000E-30 -1.0000E-30 -1.0000E-30
  1.0000E-30  1.0000E-30  1.0000E-30  1.0000E-30  1.0000E-30  1.0000E-30  1.0000E-30  1.0000E-30  1.0000E-30  1.0000E-30
  1.0000E-30  1.0000E-30  1.0000E-30  1.0000E-30  1.0000E-30  1.0000E-30  1.0000E-30  1.0000E-30  1.0000E-30  1.0000E-30
  1.0000E-30  1.0000E-30  1.0000E-30  1.0000E-30  1.0000E-30  1.0000E-30  1.0000E-30  1.0000E-30  1.0000E-30  1.0000E-30
  1.8881E-04  2.0270E-04  2.2897E-04  2.6876E-04  3.2279E-04  3.9097E-04  4.5680E-04  5.1991E-04  5.7357E-04  5.6870E-04
  1.0000E-30  1.0000E-30  1.0000E-30  1.0000E-30  1.0000E-30  1.0000E-30  1.0000E-30  1.0000E-30  1.0000E-30  1.0000E-30
  1.1277E-03  2.5655E-03  4.0665E-03  5.6178E-03  7.2064E-03  8.8097E-03  1.0117E-02  1.1227E-02  1.2087E-02  1.1999E-02
  1.0000E-30  1.0000E-30  1.0000E-30  1.0000E-30  1.0000E-30  1.0000E-30  1.0000E-30  1.0000E-30  1.0000E-30  1.0000E-30
 -7.2057E-04 -3.5717E-04  1.3069E-05  3.8780E-04  7.6475E-04  1.1397E-03  1.4390E-03  1.6890E-03  1.8795E-03  2.0000E-30
  1.0000E-30  1.0000E-30  1.0000E-30  1.0000E-30  1.0000E-30  1.0000E-30  1.0000E-30  1.0000E-30  1.0000E-30  1.0000E-30
  1.1117E-03  2.5569E-03  4.0665E-03  5.6238E-03  7.2114E-03  8.8023E-03  1.0083E-02  1.1146E-02  1.1942E-02  1.1780E-02
  1.0000E-30  1.0000E-30  1.0000E-30  1.0000E-30  1.0000E-30  1.0000E-30  1.0000E-30  1.0000E-30  1.0000E-30  1.0000E-30
  2.6702E-04  2.9211E-04  2.2897E-04  7.2532E-05 -1.8069E-04 -5.3204E-04 -9.5572E-04 -1.4375E-03 -1.9520E-03 -2.3509E-03
  1.0000E-30  1.0000E-30  1.0000E-30  1.0000E-30  1.0000E-30  1.0000E-30  1.0000E-30  1.0000E-30  1.0000E-30  1.0000E-30
  7.0319E-04  7.3470E-04  7.6307E-04  7.8499E-04  7.9797E-04  7.2775E-04  6.0425E-04  4.9238E-04  1.9300E-04 -2.8123E-04
  1.0000E-30  1.0000E-30  1.0000E-30  1.0000E-30  1.0000E-30  1.0000E-30  1.0000E-30  1.0000E-30  1.0000E-30  1.0000E-30
  1.7999E-04  1.8341E-04  1.8624E-04  1.8792E-04  1.8798E-04  1.6857E-04  1.3732E-04  1.1012E-04  8.0420E-05  2.0000E-30
  1.0000E-30  1.0000E-30  1.0000E-30  1.0000E-30  1.0000E-30  1.0000E-30  1.0000E-30  1.0000E-30  1.0000E-30  1.0000E-30
 -2.8567E-06 -1.0000E-30 -1.0000E-30 -1.0000E-30 -1.0000E-30 -1.0000E-30 -1.0000E-30 -1.0000E-30 -1.0000E-30 -1.0000E-30
  1.0000E-30  1.0000E-30  1.0000E-30  1.0000E-30  1.0000E-30  1.0000E-30  1.0000E-30  1.0000E-30  1.0000E-30  1.0000E-30
 -4.6611E-08 -1.0000E-30 -1.0000E-30 -1.0000E-30 -1.0000E-30 -1.0000E-30 -1.0000E-30 -1.0000E-30 -1.0000E-30 -1.0000E-30
  1.0000E-30  1.0000E-30  1.0000E-30  1.0000E-30  1.0000E-30  1.0000E-30  1.0000E-30  1.0000E-30  1.0000E-30  1.0000E-30
 -1.1171E-06 -2.5118E-06 -3.9677E-06 -5.4726E-06 -7.0135E-06 -8.5687E-06 -9.8371E-06 -1.0913E-05 -1.1748E-05 -1.1662E-05
  1.0000E-30  1.0000E-30  1.0000E-30  1.0000E-30  1.0000E-30  1.0000E-30  1.0000E-30  1.0000E-30  1.0000E-30  1.0000E-30
  4.3848E-05  3.9100E-05  3.7629E-05  3.9100E-05  4.3848E-05  5.2311E-05  6.4824E-05  8.1216E-05  9.7297E-05  1.1228E-04
  1.0000E-30  1.0000E-30  1.0000E-30  1.0000E-30  1.0000E-30  1.0000E-30  1.0000E-30  1.0000E-30  1.0000E-30  1.0000E-30
 -3.3367E-04 -1.6220E-04  0.0000E+00  1.6220E-04  3.3367E-04  5.1292E-04  6.9834E-04  8.8428E-04  1.0337E-03  1.1546E-03
  1.0000E-30  1.0000E-30  1.0000E-30  1.0000E-30  1.0000E-30  1.0000E-30  1.0000E-30  1.0000E-30  1.0000E-30  1.0000E-30
  1.4688E-03  7.1156E-04  0.0000E+00 -7.0937E-04 -1.4603E-03 -2.2565E-03 -3.0878E-03 -3.9317E-03 -4.6670E-03 -5.2912E-03
  1.0000E-30  1.0000E-30  1.0000E-30  1.0000E-30  1.0000E-30  1.0000E-30  1.0000E-30  1.0000E-30  1.0000E-30  1.0000E-30
 -3.3592E-04 -1.6346E-04  0.0000E+00  1.6346E-04  3.3592E-04  5.1558E-04  7.0057E-04  8.8495E-04  1.0314E-03  1.1475E-03
  1.0000E-30  1.0000E-30  1.0000E-30  1.0000E-30  1.0000E-30  1.0000E-30  1.0000E-30  1.0000E-30  1.0000E-30  1.0000E-30
  2.0466E-05  3.3416E-05  3.7629E-05  3.3416E-05  2.0466E-05 -1.5902E-06 -3.2998E-05 -7.3571E-05 -1.1976E-04 -1.7038E-04
  1.0000E-30  1.0000E-30  1.0000E-30  1.0000E-30  1.0000E-30  1.0000E-30  1.0000E-30  1.0000E-30  1.0000E-30  1.0000E-30
  8.8058E-05  8.3418E-05  8.1098E-05  8.3417E-05  8.7681E-05  9.1169E-05  9.2840E-05  8.3850E-05  6.7579E-05  5.3271E-05
  1.0000E-30  1.0000E-30  1.0000E-30  1.0000E-30  1.0000E-30  1.0000E-30  1.0000E-30  1.0000E-30  1.0000E-30  1.0000E-30
 -3.9003E-04 -3.6720E-04 -3.5523E-04 -3.6507E-04 -3.8677E-04 -4.0688E-04 -4.1882E-04 -3.9479E-04 -3.3987E-04 -2.8436E-04
  1.0000E-30  1.0000E-30  1.0000E-30  1.0000E-30  1.0000E-30  1.0000E-30  1.0000E-30  1.0000E-30  1.0000E-30  1.0000E-30
NaN          -1.0000E-30 -1.0000E-30 -1.0000E-30 -1.0000E-30 -1.0000E-30 -1.0000E-30 -1.0000E-30 -1.0000E-30 -1.0000E-30
  1.0000E-30  1.0000E-30  1.0000E-30  1.0000E-30  1.0000E-30  1.0000E-30  1.0000E-30  1.0000E-30  1.0000E-30  1.0000E-30
 -4.6611E-08 -1.0000E-30 -1.0000E-30 -1.0000E-30 -1.0000E-30 -1.0000E-30 -1.0000E-30 -1.0000E-30 -1.0000E-30 -1.0000E-30
  1.0000E-30  1.0000E-30  1.0000E-30  1.0000E-30  1.0000E-30  1.0000E-30  1.0000E-30  1.0000E-30  1.0000E-30  1.0000E-30
 -1.4575E-06 -1.5152E-06 -1.5697E-06 -1.6242E-06 -1.6818E-06 -1.7421E-06 -1.8044E-06 -1.8669E-06 -1.9171E-06 -1.9578E-06
  1.0000E-30  1.0000E-30  1.0000E-30  1.0000E-30  1.0000E-30  1.0000E-30  1.0000E-30  1.0000E-30  1.0000E-30  1.0000E-30
  1.0000E-30  1.0000E-30  1.0000E-30  1.0000E-30  1.0000E-30  1.0000E-30  1.0000E-30  1.0000E-30  1.0000E-30  1.0000E-30
  1.0000E-30  1.0000E-30  1.0000E-30  1.0000E-30  1.0000E-30  1.0000E-30  1.0000E-30  1.0000E-30  1.0000E-30  1.0000E-30
  1.0000E-30  1.0000E-30  1.0000E-30  1.0000E-30  1.0000E-30  1.0000E-30  1.0000E-30  1.0000E-30  1.0000E-30  1.0000E-30
  1.0000E-30  1.0000E-30  1.0000E-30  1.0000E-30  1.0000E-30  1.0000E-30  1.0000E-30  1.0000E-30  1.0000E-30  1.0000E-30
  1.0000E-30  1.0000E-30  1.0000E-30  1.0000E-30  1.0000E-30  1.0000E-30  1.0000E-30  1.0000E-30  1.0000E-30  1.0000E-30
  1.0000E-30  1.0000E-30  1.0000E-30  1.0000E-30  1.0000E-30  1.0000E-30  1.0000E-30  1.0000E-30  1.0000E-30  1.0000E-30
  1.0000E-30  1.0000E-30  1.0000E-30  1.0000E-30  1.0000E-30  1.0000E-30  1.0000E-30  1.0000E-30  1.0000E-30  1.0000E-30
  1.0000E-30  1.0000E-30  1.0000E-30  1.0000E-30  1.0000E-30  1.0000E-30  1.0000E-30  1.0000E-30  1.0000E-30  1.0000E-30
  1.0000E-30  1.0000E-30  1.0000E-30  1.0000E-30  1.0000E-30  1.0000E-30  1.0000E-30  1.0000E-30  1.0000E-30  1.0000E-30
  1.0000E-30  1.0000E-30  1.0000E-30  1.0000E-30  1.0000E-30  1.0000E-30  1.0000E-30  1.0000E-30  1.0000E-30  1.0000E-30
  1.0000E-30  1.0000E-30  1.0000E-30  1.0000E-30  1.0000E-30  1.0000E-30  1.0000E-30  1.0000E-30  1.0000E-30  1.0000E-30
  1.0000E-30  1.0000E-30  1.0000E-30  1.0000E-30  1.0000E-30  1.0000E-30  1.0000E-30  1.0000E-30  1.0000E-30  1.0000E-30
  1.0000E-30  1.0000E-30  1.0000E-30  1.0000E-30  1.0000E-30  1.0000E-30  1.0000E-30  1.0000E-30  1.0000E-30  1.0000E-30
  1.0000E-30  1.0000E-30  1.0000E-30  1.0000E-30  1.0000E-30  1.0000E-30  1.0000E-30  1.0000E-30  1.0000E-30  1.0000E-30
 -8.0470E-07 -1.0000E-30 -1.0000E-30 -1.0000E-30 -1.0000E-30 -1.0000E-30 -1.0000E-30 -1.0000E-30 -1.0000E-30 -1.0000E-30
  1.0000E-30  1.0000E-30  1.0000E-30  1.0000E-30  1.0000E-30  1.0000E-30  1.0000E-30  1.0000E-30  1.0000E-30  1.0000E-30
 -1.2865E-07 -1.0000E-30 -1.0000E-30 -1.0000E-30 -1.0000E-30 -1.0000E-30 -1.0000E-30 -1.0000E-30 -1.0000E-30 -1.0000E-30
  1.0000E-30  1.0000E-30  1.0000E-30  1.0000E-30  1.0000E-30  1.0000E-30  1.0000E-30  1.0000E-30  1.0000E-30  1.0000E-30
  2.0000E-30  2.0000E-30  2.0000E-30  2.0000E-30  2.0000E-30  2.0000E-30  2.0000E-30  2.0000E-30  2.0000E-30  2.0000E-30
  1.0000E-30  1.0000E-30  1.0000E-30  1.0000E-30  1.0000E-30  1.0000E-30  1.0000E-30  1.0000E-30  1.0000E-30  1.0000E-30
  2.1808E-04  2.2594E-04  2.5049E-04  2.9392E-04  3.5428E-04  4.3279E-04  5.1320E-04  5.9538E-04  6.7289E-04  6.9653E-04
  1.0000E-30  1.0000E-30  1.0000E-30  1.0000E-30  1.0000E-30  1.0000E-30  1.0000E-30  1.0000E-30  1.0000E-30  1.0000E-30
  7.6563E-04  2.3470E-03  3.9680E-03  5.6328E-03  7.3428E-03  9.0732E-03  1.0515E-02  1.1764E-02  1.2775E-02  1.2845E-02
  1.0000E-30  1.0000E-30  1.0000E-30  1.0000E-30  1.0000E-30  1.0000E-30  1.0000E-30  1.0000E-30  1.0000E-30  1.0000E-30
  8.9716E-04  6.1915E-04  4.5181E-04  3.1742E-04  1.4891E-04 -4.6894E-05 -3.4808E-04 -7.2785E-04 -1.2118E-03  2.0000E-30
  1.0000E-30  1.0000E-30  1.0000E-30  1.0000E-30  1.0000E-30  1.0000E-30  1.0000E-30  1.0000E-30  1.0000E-30  1.0000E-30
  7.4855E-04  2.3377E-03  3.9680E-03  5.6396E-03  7.3496E-03  9.0687E-03  1.0484E-02  1.1689E-02  1.2636E-02  1.2632E-02
  1.0000E-30  1.0000E-30  1.0000E-30  1.0000E-30  1.0000E-30  1.0000E-30  1.0000E-30  1.0000E-30  1.0000E-30  1.0000E-30
  2.7095E-04  3.0771E-04  2.5049E-04  9.7163E-05 -1.5879E-04 -5.1799E-04 -9.5515E-04 -1.4565E-03 -1.9980E-03 -2.4316E-03
  1.0000E-30  1.0000E-30  1.0000E-30  1.0000E-30  1.0000E-30  1.0000E-30  1.0000E-30  1.0000E-30  1.0000E-30  1.0000E-30
  7.6978E-04  8.0058E-04  8.2143E-04  8.4371E-04  8.6010E-04  7.9296E-04  6.7280E-04  5.6519E-04  2.7008E-04 -2.0078E-04
  1.0000E-30  1.0000E-30  1.0000E-30  1.0000E-30  1.0000E-30  1.0000E-30  1.0000E-30  1.0000E-30  1.0000E-30  1.0000E-30
 -1.1278E-04 -1.1134E-04 -7.5432E-05 -7.5724E-05 -9.1079E-05 -1.2425E-04 -1.7024E-04 -2.1593E-04 -2.6800E-04  2.0000E-30
  1.0000E-30  1.0000E-30  1.0000E-30  1.0000E-30  1.0000E-30  1.0000E-30  1.0000E-30  1.0000E-30  1.0000E-30  1.0000E-30
 -3.5043E-03 -1.0000E-30 -1.0000E-30 -1.0000E-30 -1.0000E-30 -1.0000E-30 -1.0000E-30 -1.0000E-30 -1.0000E-30 -1.0000E-30
  1.0000E-30  1.0000E-30  1.0000E-30  1.0000E-30  1.0000E-30  1.0000E-30  1.0000E-30  1.0000E-30  1.0000E-30  1.0000E-30
 -4.1442E-08 -1.0000E-30 -1.0000E-30 -1.0000E-30 -1.0000E-30 -1.0000E-30 -1.0000E-30 -1.0000E-30 -1.0000E-30 -1.0000E-30
  1.0000E-30  1.0000E-30  1.0000E-30  1.0000E-30  1.0000E-30  1.0000E-30  1.0000E-30  1.0000E-30  1.0000E-30  1.0000E-30
 -2.5758E-06 -4.0276E-06 -5.5374E-06 -7.0962E-06 -8.6942E-06 -1.0309E-05 -1.1639E-05 -1.2777E-05 -1.3661E-05 -1.3615E-05
  1.0000E-30  1.0000E-30  1.0000E-30  1.0000E-30  1.0000E-30  1.0000E-30  1.0000E-30  1.0000E-30  1.0000E-30  1.0000E-30
  1.8881E-04  2.0270E-04  2.2897E-04  2.6876E-04  3.2279E-04  3.9097E-04  4.5680E-04  5.1991E-04  5.7357E-04  5.6870E-04
  1.0000E-30  1.0000E-30  1.0000E-30  1.0000E-30  1.0000E-30  1.0000E-30  1.0000E-30  1.0000E-30  1.0000E-30  1.0000E-30
  1.1277E-03  2.5655E-03  4.0665E-03  5.6178E-03  7.2064E-03  8.8097E-03  1.0117E-02  1.1227E-02  1.2087E-02  1.1999E-02
  1.0000E-30  1.0000E-30  1.0000E-30  1.0000E-30  1.0000E-30  1.0000E-30  1.0000E-30  1.0000E-30  1.0000E-30  1.0000E-30
 -7.2057E-04 -3.5717E-04  1.3069E-05  3.8780E-04  7.6475E-04  1.1397E-03  1.4390E-03  1.6890E-03  1.8795E-03  2.0000E-30
  1.0000E-30  1.0000E-30  1.0000E-30  1.0000E-30  1.0000E-30  1.0000E-30  1.0000E-30  1.0000E-30  1.0000E-30  1.0000E-30
  1.1117E-03  2.5569E-03  4.0665E-03  5.6238E-03  7.2114E-03  8.8023E-03  1.0083E-02  1.1146E-02  1.1942E-02  1.1780E-02
  1.0000E-30  1.0000E-30  1.0000E-30  1.0000E-30  1.0000E-30  1.0000E-30  1.0000E-30  1.0000E-30  1.0000E-30  1.0000E-30
  2.6702E-04  2.9211E-04  2.2897E-04  7.2532E-05 -1.8069E-04 -5.3204E-04 -9.5572E-04 -1.4375E-03 -1.9520E-03 -2.3509E-03
  1.0000E-30  1.0000E-30  1.0000E-30  1.0000E-30  1.0000E-30  1.0000E-30  1.0000E-30  1.0000E-30  1.0000E-30  1.0000E-30
  7.0319E-04  7.3470E-04  7.6307E-04  7.8499E-04  7.9797E-04  7.2775E-04  6.0425E-04  4.9238E-04  1.9300E-04 -2.8123E-04
  1.0000E-30  1.0000E-30  1.0000E-30  1.0000E-30  1.0000E-30  1.0000E-30  1.0000E-30  1.0000E-30  1.0000E-30  1.0000E-30
  1.7999E-04  1.8341E-04  1.8624E-04  1.8792E-04  1.8798E-04  1.6857E-04  1.3732E-04  1.1012E-04  8.0420E-05  2.0000E-30
  1.0000E-30  1.0000E-30  1.0000E-30  1.0000E-30  1.0000E-30  1.0000E-30  1.0000E-30  1.0000E-30  1.0000E-30  1.0000E-30
 -2.8567E-06 -1.0000E-30 -1.0000E-30 -1.0000E-30 -1.0000E-30 -1.0000E-30 -1.0000E-30 -1.0000E-30 -1.0000E-30 -1.0000E-30
  1.0000E-30  1.0000E-30  1.0000E-30  1.0000E-30  1.0000E-30  1.0000E-30  1.0000E-30  1.0000E-30  1.0000E-30  1.0000E-30
 -4.6611E-08 -1.0000E-30 -1.0000E-30 -1.0000E-30 -1.0000E-30 -1.0000E-30 -1.0000E-30 -1.0000E-30 -1.0000E-30 -1.0000E-30
  1.0000E-30  1.0000E-30  1.0000E-30  1.0000E-30  1.0000E-30  1.0000E-30  1.0000E-30  1.0000E-30  1.0000E-30  1.0000E-30
 -1.1171E-06 -2.5118E-06 -3.9677E-06 -5.4726E-06 -7.0135E-06 -8.5687E-06 -9.8371E-06 -1.0913E-05 -1.1748E-05 -1.1662E-05
  1.0000E-30  1.0000E-30  1.0000E-30  1.0000E-30  1.0000E-30  1.0000E-30  1.0000E-30  1.0000E-30  1.0000E-30  1.0000E-30
  2.1808E-04  2.2594E-04  2.5049E-04  2.9392E-04  3.5428E-04  4.3279E-04  5.1320E-04  5.9538E-04  6.7289E-04  6.9653E-04
  1.0000E-30  1.0000E-30  1.0000E-30  1.0000E-30  1.0000E-30  1.0000E-30  1.0000E-30  1.0000E-30  1.0000E-30  1.0000E-30
  7.6563E-04  2.3470E-03  3.9680E-03  5.6328E-03  7.3428E-03  9.0732E-03  1.0515E-02  1.1764E-02  1.2775E-02  1.2845E-02
  1.0000E-30  1.0000E-30  1.0000E-30  1.0000E-30  1.0000E-30  1.0000E-30  1.0000E-30  1.0000E-30  1.0000E-30  1.0000E-30
  8.9716E-04  6.1915E-04  4.5181E-04  3.1742E-04  1.4891E-04 -4.6894E-05 -3.4808E-04 -7.2785E-04 -1.2118E-03  2.0000E-30
  1.0000E-30  1.0000E-30  1.0000E-30  1.0000E-30  1.0000E-30  1.0000E-30  1.0000E-30  1.0000E-30  1.0000E-30  1.0000E-30
  7.4855E-04  2.3377E-03  3.9680E-03  5.6396E-03  7.3496E-03  9.0687E-03  1.0484E-02  1.1689E-02  1.2636E-02  1.2632E-02
  1.0000E-30  1.0000E-30  1.0000E-30  1.0000E-30  1.0000E-30  1.0000E-30  1.0000E-30  1.0000E-30  1.0000E-30  1.0000E-30
  2.7095E-04  3.0771E-04  2.5049E-04  9.7163E-05 -1.5879E-04 -5.1799E-04 -9.5515E-04 -1.4565E-03 -1.9980E-03 -2.4316E-03
  1.0000E-30  1.0000E-30  1.0000E-30  1.0000E-30  1.0000E-30  1.0000E-30  1.0000E-30  1.0000E-30  1.0000E-30  1.0000E-30
  7.6978E-04  8.0058E-04  8.2143E-04  8.4371E-04  8.6010E-04  7.9296E-04  6.7280E-04  5.6519E-04  2.7008E-04 -2.0078E-04
  1.0000E-30  1.0000E-30  1.0000E-30  1.0000E-30  1.0000E-30  1.0000E-30  1.0000E-30  1.0000E-30  1.0000E-30  1.0000E-30
 -1.1278E-04 -1.1134E-04 -7.5432E-05 -7.5724E-05 -9.1079E-05 -1.2425E-04 -1.7024E-04 -2.1593E-04 -2.6800E-04  2.0000E-30
  1.0000E-30  1.0000E-30  1.0000E-30  1.0000E-30  1.0000E-30  1.0000E-30  1.0000E-30  1.0000E-30  1.0000E-30  1.0000E-30
 -3.5043E-03 -1.0000E-30 -1.0000E-30 -1.0000E-30 -1.0000E-30 -1.0000E-30 -1.0000E-30 -1.0000E-30 -1.0000E-30 -1.0000E-30
  1.0000E-30  1.0000E-30  1.0000E-30  1.0000E-30  1.0000E-30  1.0000E-30  1.0000E-30  1.0000E-30  1.0000E-30  1.0000E-30
 -4.1442E-08 -1.0000E-30 -1.0000E-30 -1.0000E-30 -1.0000E-30 -1.0000E-30 -1.0000E-30 -1.0000E-30 -1.0000E-30 -1.0000E-30
  1.0000E-30  1.0000E-30  1.0000E-30  1.0000E-30  1.0000E-30  1.0000E-30  1.0000E-30  1.0000E-30  1.0000E-30  1.0000E-30
 -2.5758E-06 -4.0276E-06 -5.5374E-06 -7.0962E-06 -8.6942E-06 -1.0309E-05 -1.1639E-05 -1.2777E-05 -1.3661E-05 -1.3615E-05
  1.0000E-30  1.0000E-30  1.0000E-30  1.0000E-30  1.0000E-30  1.0000E-30  1.0000E-30  1.0000E-30  1.0000E-30  1.0000E-30
  9.9908E-01  9.3953E-01  9.2386E-01  9.8970E-01  1.0000E+00  1.0000E+00  1.0000E+00  1.0000E+00  1.0000E+00  1.0000E+00
  1.0000E-30  1.0000E-30  1.0000E-30  1.0000E-30  1.0000E-30  1.0000E-30  1.0000E-30  1.0000E-30  1.0000E-30  1.0000E-30
  3.7783E-01  8.4865E-01  1.3282E+00  1.8121E+00  2.3009E+00  2.7733E+00  3.2109E+00  3.6065E+00  3.9164E+00  4.1437E+00
  1.0000E-30  1.0000E-30  1.0000E-30  1.0000E-30  1.0000E-30  1.0000E-30  1.0000E-30  1.0000E-30  1.0000E-30  1.0000E-30
  2.3541E-01  2.3759E-01  2.4086E-01  2.4319E-01  2.4029E-01  2.2748E-01  2.0831E-01  1.7640E-01  1.3430E-01  1.1363E-01
  1.0000E-30  1.0000E-30  1.0000E-30  1.0000E-30  1.0000E-30  1.0000E-30  1.0000E-30  1.0000E-30  1.0000E-30  1.0000E-30
  1.0000E-30  1.0000E-30  1.0000E-30  1.0000E-30  1.0000E-30  1.0000E-30  1.0000E-30  1.0000E-30  1.0000E-30  1.0000E-30
  1.0000E-30  1.0000E-30  1.0000E-30  1.0000E-30  1.0000E-30  1.0000E-30  1.0000E-30  1.0000E-30  1.0000E-30  1.0000E-30
  1.0000E-30  1.0000E-30  1.0000E-30  1.0000E-30  1.0000E-30  1.0000E-30  1.0000E-30  1.0000E-30  1.0000E-30  1.0000E-30
  1.0000E-30  1.0000E-30  1.0000E-30  1.0000E-30  1.0000E-30  1.0000E-30  1.0000E-30  1.0000E-30  1.0000E-30  1.0000E-30
  1.0261E-05  1.6232E-04  2.4831E-05  1.0000E-30  1.0000E-30  1.8519E-04  3.7629E-05  1.0261E-05  2.1002E-04  1.8519E-04
  2.1002E-04
